Test Matrix Addition
1 2 3 4 5 6 7 8 9
0 0 0 0 0 0 0 0 0
8 9 1 2 3 4 5 6 7
7 8 9 1 2 3 4 5 6
6 7 8 9 1 2 3 4 5
5 6 7 8 9 1 2 3 4
4 5 6 7 8 9 1 2 3
3 4 5 6 7 8 9 1 2
2 3 4 5 6 7 8 9 1
2 3 4 5 6 7 8 9 1
0 0 0 0 0 0 0 0 0
4 5 6 7 8 9 1 2 3
5 6 7 8 9 1 2 3 4
6 7 8 9 1 2 3 4 5
7 8 9 1 2 3 4 5 6
8 9 1 2 3 4 5 6 7
9 1 2 3 4 5 6 7 8
1 2 3 4 5 6 7 8 9
 3  5  7  9 11 13 15 17 10
 0  0  0  0  0  0  0  0  0
12 14  7  9 11 13  6  8 10
12 14 16  9 11  4  6  8 10
12 14 16 18  2  4  6  8 10
12 14 16  9 11  4  6  8 10
12 14  7  9 11 13  6  8 10
12  5  7  9 11 13 15  8 10
 3  5  7  9 11 13 15 17 10
Test Matrix Multiplication
10 12  4
 5  3  0
 0  0  0
 1  1  1
 1  1  1  1
 2  2  2  2
 9  8 10 11
70 66 74 78
11 11 11 11
 0  0  0  0
12 11 13 14
Test Setting a Zero Element to a Non-Zero Value
1 2 3 4 5 6 7 8 9
0 5 0 0 0 0 0 0 0
8 9 1 2 3 4 5 6 7
7 8 9 1 2 3 4 5 6
6 7 8 9 1 2 3 4 5
5 6 7 8 9 1 2 3 4
4 5 6 7 8 9 1 2 3
3 4 5 6 7 8 9 1 2
2 3 4 5 6 7 8 9 1
Test Getting a Row
5 3
Test Getting a Column
1 2 9
